0.45493642311957277 1 0.49999999999999967
2.7055434540954146 1 0.09999999999999995
6.6348966010212154 1 0.009999999999999995
9.549535706083244 1 0.0019999999999999992
10.651191810983974 1 0.0010999999999999983
10.827566170662733 1 0.001
11.022759337812946 1 0.00090000000000000128
15.136705226623397 1 9.9999999999999991e-05
41.821456364761296 1 9.9999999999999836e-11
453.94308223879898 1 9.9999999999997984e-101
1.5707971492624927e-06 1 0.999
1.5707963251413092e-14 1 0.99999990000000005
1.3862943611198906 2 0.5
4.6051701859880909 2 0.10000000000000003
9.2103403719761818 2 0.010000000000000002
12.429216196844383 2 0.0020000000000000005
13.624890198355624 2 0.0011000000000000003
13.815510557964274 2 0.0010000000000000005
14.026231589279927 2 0.00089999999999999954
18.420680743952364 2 0.00010000000000000009
46.051701859880914 2 1.0000000000000013e-10
460.51701859880916 2 9.9999999999998479e-101
0.0020010006671670687 2 0.999
2.000000098947295e-07 2 0.99999990000000005
2.3659738843753382 3 0.49999999999999989
6.2513886311703235 3 0.10000000000000005
11.344866730144371 3 0.01
14.79551705455239 3 0.0019999999999999996
16.064447794631889 3 0.0011000000000000003
16.266236196238133 3 0.00099999999999999829
16.489150535615181 3 0.00089999999999999987
21.107513466160214 3 0.0001
49.542155927523666 3 1.0000000000000018e-10
466.21435757129137 3 9.9999999999997781e-101
0.024297585815692749 3 0.999
5.2094513532533141e-05 3 0.99999990000000005
5.3481206274471207 6 0.5
10.64464067566842 6 0.10000000000000002
16.811893829770931 6 0.0099999999999999967
20.791167717230753 6 0.0019999999999999996
22.229944389119332 6 0.0010999999999999994
22.457744484825326 6 0.0009999999999999998
22.709094422210924 6 0.00089999999999999878
27.856341236013918 6 9.9999999999999937e-05
58.291802957659037 6 1.0000000000000008e-10
481.07888968819822 6 9.9999999999999774e-101
0.38106675513680649 6 0.999
0.016904327592348296 6 0.99999990000000005
8.3428326922529532 9 0.50000000000000044
14.683656573259839 9 0.10000000000000001
21.665994333461924 9 0.010000000000000009
26.056433345164145 9 0.0019999999999999987
27.628833934719946 9 0.0011000000000000007
27.877164871256571 9 0.0010000000000000005
28.150979125905444 9 0.00089999999999999943
33.719948438964636 9 9.9999999999999883e-05
65.817793357025167 9 9.9999999999999758e-11
494.20660458150786 9 9.9999999999998111e-101
1.1519495462235645 9 0.999
0.13576812044568107 9 0.99999990000000005
13.339274149099545 14 0.5
21.064144212997057 14 0.099999999999999881
29.141237740672796 14 0.0099999999999999898
34.091300982310322 14 0.0019999999999999987
35.846762761259662 14 0.0010999999999999979
36.123273680398142 14 0.00099999999999999872
36.427938131067776 14 0.000899999999999999
42.579288953112993 14 9.9999999999999937e-05
77.034576430271187 14 9.9999999999999771e-11
513.99435529284926 14 9.999999999999735e-101
3.0406725207976186 14 0.999
0.70644114210546094 14 0.99999990000000005
17.337902368740743 18 0.49999999999999956
25.989423082637209 18 0.099999999999999964
34.805305734705072 18 0.0099999999999999846
40.136098439726844 18 0.0019999999999999944
42.016612118259125 18 0.0010999999999999992
42.312396331679963 18 0.001000000000000002
42.638167469452682 18 0.00089999999999999694
49.189394471966509 18 9.9999999999999829e-05
85.292602988160283 18 9.9999999999999461e-11
528.60247533170298 18 9.9999999999997045e-101
4.9048488087275501 18 0.999
1.4902187370136921 18 0.99999990000000005
29.336031516661585 30 0.50000000000000078
40.256023738711797 30 0.0999999999999997
50.892181311517092 30 0.0099999999999999759
57.167433059914522 30 0.0019999999999999996
59.359250928485807 30 0.0011000000000000001
59.70306430442993 30 0.00099999999999999633
60.081449006469001 30 0.00090000000000000095
67.632630257414021 30 0.00010000000000000005
107.92587809973521 30 1.0000000000000009e-10
568.42757044912003 30 1.0000000000000307e-100
11.587951045645058 30 0.999
5.1479713471717696 30 0.99999990000000005
61.334622775315836 62 0.49999999999999356
76.630208004487741 62 0.099999999999999853
90.801532030838686 62 0.010000000000000104
98.924675568164034 62 0.0020000000000000191
101.72798072509379 62 0.0011000000000000178
102.16624833184876 62 0.0010000000000000078
102.64813774437791 62 0.00090000000000000984
112.17366044690546 62 0.00010000000000000173
160.90721609917088 62 1.0000000000000109e-10
659.26987166079664 62 9.9999999999999228e-101
33.181074203295495 62 0.999
20.211666082068589 62 0.99999990000000005
125.33396405438855 126 0.50000000000001865
146.72405170723547 126 0.099999999999995898
165.84100085082048 126 0.010000000000000012
176.56207022517222 126 0.0019999999999999198
180.22736598404998 126 0.0011000000000000231
180.79889089020068 126 0.0010000000000000091
181.42684013873028 126 0.00089999999999998859
193.74554530011324 126 9.9999999999998785e-05
254.59784908837511 126 9.9999999999995596e-11
811.88537448829538 126 9.9999999999999431e-101
82.574966943547849 126 0.999
59.99001734457957 126 0.99999990000000005
253.33364530040896 254 0.49999999999998823
283.27903731475021 254 0.10000000000000547
309.35423105711749 254 0.010000000000000141
323.7399734292116 254 0.002000000000000079
328.62296869271074 254 0.001100000000000077
329.382824682707 254 0.001000000000000087
330.21722500751287 254 0.00090000000000003088
346.48956966572291 254 0.00010000000000000899
424.64300895692259 254 1.0000000000000812e-10
1071.000203625179 254 9.9999999999996525e-101
190.00391821536778 254 0.99899999999999989
153.6064313585141 254 0.99999990000000005
509.33348848138473 510 0.49999999999995504
551.33380248316234 510 0.10000000000001201
587.22497447669502 510 0.010000000000000448
606.78752777928116 510 0.0020000000000004858
613.39200557028676 510 0.0011000000000003058
614.4181720935876 510 0.0010000000000000206
615.54452564445114 510 0.00090000000000012683
637.41218478208907 510 9.9999999999991548e-05
740.16856233319288 510 1.0000000000000009e-10
1518.0677969552212 510 1.000000000000031e-100
416.9749203341882 510 0.99899999999999989
360.915756873627 510 0.99999990000000005
1021.3334107000704 1022 0.49999999999987033
1080.3510965860646 1022 0.0999999999999934
1130.1072908194592 1022 0.010000000000005173
1156.9872605891892 1022 0.0020000000000000785
1166.0260403232185 1022 0.001100000000000282
1167.4288369672165 1022 0.0010000000000001381
1168.9681008516941 1022 0.00089999999999979875
1198.752441581855 1022 0.0001000000000000125
1336.410152493519 1022 1.0000000000003246e-10
2305.3479069495565 1022 1.0000000000003954e-100
887.96740729864018 1022 0.99899999999999978
804.02242596223027 1022 0.99999990000000005
2045.3333719650759 2046 0.49999999999941214
2128.3955568011038 2046 0.1000000000000338
2197.7481330658507 2046 0.010000000000009456
2234.9740936164235 2046 0.0020000000000013731
2247.4554241532705 2046 0.0011000000000000866
2249.3908801623106 2046 0.00099999999999999568
2251.5141247520619 2046 0.00090000000000134395
2292.4974382162018 2046 0.00010000000000003832
2479.595615960086 2046 1.0000000000013637e-10
3722.9220946246578 2046 1.000000000000961e-100
1854.0069343309592 2046 0.99899999999999911
1730.5735854874888 2046 0.99999990000000005
134.33392177960951 135 0.5000000000000101
156.4397312607627 135 0.099999999999997355
176.13830701607094 135 0.0099999999999995821
187.1654008453809 135 0.0019999999999999706
190.93232692247764 135 0.0010999999999999996
191.51956745913705 135 0.00099999999999997595
192.16474356031267 135 0.00089999999999999455
204.81317449307252 135 9.9999999999996955e-05
267.10357796835319 135 9.9999999999998879e-11
831.61929778085005 135 9.9999999999999596e-101
89.855997610084785 135 0.999
66.1246538698541 135 0.99999990000000005
239.33366355377319 240 0.49999999999994282
268.47074270869581 240 0.10000000000000274
293.88810141261752 240 0.010000000000000744
307.92712937418815 240 0.0020000000000002702
312.6948704711354 240 0.0011000000000000755
313.43689881164892 240 0.0010000000000000954
314.25175550952065 240 0.00090000000000006199
330.14967765381948 240 0.00010000000000001129
406.66047739691754 240 1.0000000000001144e-10
1044.398788683121 240 1.0000000000000364e-100
177.94910545835646 240 0.99899999999999989
142.86411364324738 240 0.99999990000000005
2294.3333677723249 2295 0.50000000000001033
2382.2415087955737 2295 0.099999999999958844
2455.543966845712 2295 0.010000000000001934
2494.8555422108489 2295 0.0019999999999988621
2508.0308951957177 2295 0.0010999999999997399
2510.0737383933806 2295 0.00099999999999957198
2512.3147176093794 2295 0.00089999999999906984
2555.5559867582992 2295 0.00010000000000003443
2752.6272313804925 2295 9.9999999999907127e-11
4051.58387520522 2295 9.9999999999942023e-101
2091.3242460888487 2295 0.99900000000000022
1959.926681383577 2295 0.99999990000000005
3999.3333530900254 4000 0.49999999999984313
4115.0451724274444 4000 0.10000000000001533
4211.0114189816877 4000 0.010000000000015743
4262.2907765901546 4000 0.0020000000000033689
4279.4487707845938 4000 0.0011000000000005209
4282.1078623852964 4000 0.0010000000000003075
4285.0244719914408 4000 0.00090000000000232158
4341.2237640642779 4000 9.9999999999977291e-05
4595.5448970975331 4000 1.0000000000025144e-10
6214.833901393119 4000 1.0000000000029859e-100
3729.2907174069337 4000 0.99899999999999956
3552.1801647642023 4000 0.99999990000000005
29999.333335967141 30000 0.50000000000506262
30314.339875970498 30000 0.10000000000037891
30572.77609467514 30000 0.01000000000006766
30709.860277947661 30000 0.0019999999999712717
30755.574619989595 30000 0.0011000000000025612
30762.65244482044 30000 0.00099999999998914933
30770.413612611814 30000 0.00090000000001099487
30919.534745814839 30000 0.00010000000000048299
31584.610756354487 30000 9.999999999934489e-11
35516.149641661927 30000 9.9999999999458494e-101
29248.746829311891 30000 0.99899999999999367
28743.735361081319 30000 0.99999990000000005
64999.333334548923 65000 0.50000000001483969
65462.496121614073 65000 0.099999999996686267
65841.716770565035 65000 0.009999999999499052
66042.592969515594 65000 0.0019999999998916813
66109.538146203908 65000 0.0010999999999811605
66119.901197138373 65000 0.00099999999995379111
66131.264189410838 65000 0.00089999999997095192
66349.472298373264 65000 9.9999999994198561e-05
67319.990400155744 65000 9.9999999996254297e-11
72974.167090029965 65000 9.9999999994203647e-101
63891.498134506975 65000 0.99900000000004119
63142.675303756529 65000 0.99999990000000005
65279.333334543706 65280 0.50000000001150524
65743.490284343337 65280 0.099999999993598154
66123.521427530446 65280 0.0099999999997445448
66324.825688899655 65280 0.002000000000038903
66391.913330822674 65280 0.0011000000000012502
66402.298426621273 65280 0.00099999999997519868
66413.68558823441 65280 0.00090000000002421552
66632.357293025038 65280 0.0001000000000033445
67604.925044177959 65280 9.999999999775258e-11
73270.663809014964 65280 9.9999999996733252e-101
64169.100905235508 65280 0.99900000000004063
63418.642009390634 65280 0.99999990000000005
