0.45493642311957275 1
2.7055434540954145 1
6.6348966010212151 1
9.5495357060832433 1
10.651191810983974 1
10.827566170662732 1
11.022759337812947 1
15.136705226623397 1
41.821456364761294 1
453.94308223879897 1
1.5707971492624927e-6 1
1.5707963251413092e-14 1
1.3862943611198906 2
4.6051701859880913 2
9.2103403719761827 2
12.429216196844383 2
13.624890198355624 2
13.815510557964274 2
14.026231589279927 2
18.420680743952365 2
46.051701859880914 2
460.51701859880914 2
0.0020010006671670688 2
2.0000000989472949e-7 2
2.3659738843753383 3
6.2513886311703231 3
11.344866730144372 3
14.795517054552389 3
16.06444779463189 3
16.266236196238131 3
16.489150535615181 3
21.107513466160214 3
49.542155927523666 3
466.21435757129135 3
0.024297585815692748 3
5.2094513532533143e-5 3
5.3481206274471206 6
10.64464067566842 6
16.811893829770931 6
20.791167717230751 6
22.229944389119333 6
22.457744484825325 6
22.709094422210923 6
27.856341236013917 6
58.291802957659036 6
481.07888968819823 6
0.3810667551368065 6
0.016904327592348294 6
8.3428326922529538 9
14.683656573259838 9
21.665994333461926 9
26.056433345164143 9
27.628833934719945 9
27.877164871256573 9
28.150979125905443 9
33.719948438964634 9
65.817793357025161 9
494.20660458150784 9
1.1519495462235644 9
0.13576812044568106 9
13.339274149099544 14
21.064144212997057 14
29.141237740672797 14
34.091300982310324 14
35.84676276125966 14
36.12327368039814 14
36.427938131067777 14
42.579288953112995 14
77.034576430271183 14
513.99435529284922 14
3.0406725207976186 14
0.70644114210546099 14
17.337902368740744 18
25.989423082637211 18
34.805305734705073 18
40.136098439726844 18
42.016612118259123 18
42.312396331679966 18
42.63816746945268 18
49.189394471966512 18
85.292602988160279 18
528.60247533170295 18
4.9048488087275505 18
1.4902187370136922 18
29.336031516661586 30
40.256023738711799 30
50.892181311517091 30
57.167433059914525 30
59.35925092848581 30
59.703064304429931 30
60.081449006469 30
67.632630257414024 30
107.92587809973522 30
568.42757044912006 30
11.587951045645057 30
5.1479713471717692 30
61.334622775315834 62
76.630208004487741 62
90.801532030838688 62
98.924675568164029 62
101.72798072509378 62
102.16624833184876 62
102.6481377443779 62
112.17366044690546 62
160.90721609917087 62
659.26987166079661 62
33.181074203295495 62
20.211666082068589 62
125.33396405438855 126
146.72405170723548 126
165.84100085082048 126
176.56207022517223 126
180.22736598404997 126
180.79889089020068 126
181.42684013873028 126
193.74554530011323 126
254.59784908837512 126
811.88537448829543 126
82.574966943547853 126
59.990017344579569 126
253.33364530040896 254
283.2790373147502 254
309.35423105711746 254
323.73997342921158 254
328.62296869271072 254
329.38282468270698 254
330.21722500751285 254
346.48956966572293 254
424.6430089569226 254
1071.0002036251789 254
190.00391821536778 254
153.6064313585141 254
509.33348848138475 510
551.33380248316236 510
587.22497447669498 510
606.78752777928113 510
613.39200557028674 510
614.4181720935876 510
615.54452564445113 510
637.4121847820891 510
740.16856233319291 510
1518.0677969552212 510
416.97492033418818 510
360.91575687362702 510
1021.3334107000704 1022
1080.3510965860646 1022
1130.1072908194591 1022
1156.9872605891892 1022
1166.0260403232184 1022
1167.4288369672165 1022
1168.9681008516941 1022
1198.752441581855 1022
1336.410152493519 1022
2305.3479069495566 1022
887.96740729864013 1022
804.02242596223024 1022
2045.333371965076 2046
2128.3955568011037 2046
2197.7481330658505 2046
2234.9740936164233 2046
2247.4554241532704 2046
2249.3908801623108 2046
2251.5141247520617 2046
2292.4974382162016 2046
2479.5956159600859 2046
3722.922094624658 2046
1854.0069343309593 2046
1730.5735854874887 2046
134.3339217796095 135
156.4397312607627 135
176.13830701607094 135
187.16540084538091 135
190.93232692247763 135
191.51956745913706 135
192.16474356031268 135
204.81317449307253 135
267.10357796835319 135
831.61929778085004 135
89.855997610084786 135
66.124653869854106 135
239.33366355377318 240
268.4707427086958 240
293.88810141261749 240
307.92712937418818 240
312.69487047113539 240
313.43689881164892 240
314.25175550952064 240
330.1496776538195 240
406.66047739691756 240
1044.398788683121 240
177.94910545835645 240
142.86411364324738 240
2294.3333677723249 2295
2382.2415087955739 2295
2455.5439668457122 2295
2494.855542210849 2295
2508.0308951957179 2295
2510.0737383933808 2295
2512.3147176093794 2295
2555.5559867582991 2295
2752.6272313804926 2295
4051.5838752052198 2295
2091.3242460888488 2295
1959.9266813835771 2295
3999.3333530900256 4000
4115.0451724274444 4000
4211.0114189816876 4000
4262.2907765901546 4000
4279.4487707845941 4000
4282.1078623852962 4000
4285.0244719914406 4000
4341.2237640642782 4000
4595.5448970975327 4000
6214.8339013931188 4000
3729.2907174069338 4000
3552.1801647642022 4000
29999.333335967142 30000
30314.339875970499 30000
30572.77609467514 30000
30709.860277947662 30000
30755.574619989593 30000
30762.65244482044 30000
30770.413612611815 30000
30919.534745814838 30000
31584.610756354488 30000
35516.14964166193 30000
29248.74682931189 30000
28743.735361081318 30000
64999.333334548922 65000
65462.496121614074 65000
65841.716770565029 65000
66042.5929695156 65000
66109.538146203909 65000
66119.901197138367 65000
66131.264189410839 65000
66349.472298373271 65000
67319.990400155742 65000
72974.167090029969 65000
63891.498134506975 65000
63142.675303756531 65000
65279.333334543708 65280
65743.490284343338 65280
66123.521427530452 65280
66324.825688899651 65280
66391.91333082268 65280
66402.298426621279 65280
66413.685588234406 65280
66632.357293025037 65280
67604.925044177954 65280
73270.66380901496 65280
64169.100905235506 65280
63418.642009390636 65280
